<!DOCTYPE html>
<html lang="en">
<head>
    <meta charset="UTF-8">
    <title>Title</title>
</head>
<body>

<script>
    function largestOfFour(arr) {
        // You can do this!
        var newArr = [];
        var temp = 0;
        for(var i=0;i<arr.length;i++){
            newArr.push(Math.max(...arr[i]));
        }
        //var maxIndex = newArr.indexOf(Math.max(...newArr));
        return newArr;
    }

    console.log(largestOfFour([[4, 5, 1, 3], [13, 27, 18, 26], [32, 35, 37, 39], [1000, 1001, 857, 1]]));
    console.log(largestOfFour([[13, 27, 18, 26], [4, 5, 1, 3], [32, 35, 37, 39], [1000, 1001, 857, 1]]));
</script>

</body>
</html>
